8 10 2
505
305.3 203.5 0.0 203.5 0.0 965.4 631.0 3.0 14.14 14.14
295.7 0.0 95.6 171.5 8.9 955.1 859.2 3.0 22.95 22.95
297.2 0.0 117.5 174.8 9.5 1022.8 753.5 56.0 51.96 51.96
500.0 0.0 0.0 200.0 0.0 1125.0 613.0 1.0 12.64 12.64
102.0 153.0 0.0 192.0 0.0 887.0 942.0 3.0 4.57 4.57
213.7 0.0 174.7 154.8 10.2 1053.5 776.4 100.0 50.08 50.08
214.9 53.8 121.9 155.6 9.6 1014.3 780.6 28.0 52.2 52.2
362.6 189.0 0.0 164.9 11.6 944.7 755.8 56.0 77.3 77.3
375.0 0.0 0.0 186.0 0.0 1038.0 758.0 7.0 26.06 26.06
284.0 120.0 0.0 168.0 7.0 970.0 794.0 28.0 40.93 40.93
249.1 0.0 98.8 158.1 12.8 987.8 889.0 14.0 28.68 28.68
296.0 0.0 0.0 186.0 0.0 1090.0 769.0 28.0 25.18 25.18
238.1 0.0 94.1 186.7 7.0 949.9 847.0 3.0 19.93 19.93
151.6 0.0 111.9 184.4 7.9 992.0 815.9 28.0 12.18 12.18
151.8 178.1 138.7 167.5 18.3 944.0 694.6 28.0 36.35 36.35
250.2 166.8 0.0 203.5 0.0 977.6 694.1 90.0 47.71 47.71
331.0 0.0 0.0 192.0 0.0 978.0 825.0 7.0 16.26 16.26
252.3 0.0 98.8 146.3 14.2 987.8 889.0 56.0 55.83 55.83
450.1 50.0 0.0 200.0 3.0 1124.4 613.2 28.0 39.38 39.38
172.4 13.6 172.4 156.8 4.1 1006.3 856.4 100.0 37.68 37.68
331.0 0.0 0.0 192.0 0.0 978.0 825.0 3.0 13.52 13.52
231.8 0.0 121.6 174.0 6.7 1056.4 778.5 28.0 33.73 33.73
310.0 143.0 111.0 168.0 22.0 914.0 651.0 28.0 33.69 33.69
251.8 0.0 99.9 146.1 12.4 1006.0 899.8 14.0 33.36 33.36
237.0 92.0 71.0 247.0 6.0 853.0 695.0 28.0 28.63 28.63
380.0 95.0 0.0 228.0 0.0 932.0 594.0 28.0 36.45 36.45
393.0 0.0 0.0 192.0 0.0 940.0 758.0 28.0 39.58 39.58
446.0 24.0 79.0 162.0 11.6 967.0 712.0 28.0 44.42 44.42
313.3 145.0 0.0 178.5 8.0 1001.9 688.7 28.0 41.05 41.05
250.2 166.8 0.0 203.5 0.0 977.6 694.1 7.0 19.35 19.35
285.0 190.0 0.0 163.0 7.6 1031.0 685.0 28.0 53.58 53.58
312.9 160.5 0.0 177.6 9.6 916.6 759.5 28.0 52.45 52.45
275.0 0.0 0.0 183.0 0.0 1088.0 808.0 28.0 24.5 24.5
362.6 189.0 0.0 164.9 11.6 944.7 755.8 56.0 77.3 77.3
165.0 128.5 132.1 175.1 8.1 1005.8 746.6 56.0 53.72 53.72
237.5 237.5 0.0 228.0 0.0 932.0 594.0 180.0 36.25 36.25
305.3 203.5 0.0 203.5 0.0 965.4 631.0 28.0 43.38 43.38
156.0 243.0 0.0 180.0 11.0 1022.0 698.0 28.0 37.36 37.36
401.8 94.7 0.0 147.4 11.4 946.8 852.1 56.0 73.7 73.7
136.0 196.0 98.0 199.0 6.0 847.0 783.0 28.0 26.97 26.97
194.7 0.0 100.5 170.2 7.5 998.0 901.8 100.0 44.28 44.28
158.8 238.2 0.0 185.7 0.0 1040.6 734.3 7.0 9.62 9.62
446.0 24.0 79.0 162.0 11.6 967.0 712.0 28.0 57.03 57.03
218.9 0.0 124.1 158.5 11.3 1078.7 794.9 56.0 37.27 37.27
273.0 0.0 90.0 199.0 11.0 931.0 762.0 28.0 32.24 32.24
102.0 153.0 0.0 192.0 0.0 887.0 942.0 7.0 7.68 7.68
491.0 26.0 123.0 201.0 3.9 822.0 699.0 56.0 61.86 61.86
249.1 0.0 98.8 158.1 12.8 987.8 889.0 3.0 15.36 15.36
261.9 110.5 86.1 195.4 5.0 895.2 732.6 28.0 33.72 33.72
143.0 169.0 143.0 191.0 8.0 967.0 643.0 28.0 29.72 29.72
194.7 0.0 100.5 165.6 7.5 1006.4 905.9 100.0 37.34 37.34
213.7 0.0 174.7 154.8 10.2 1053.5 776.4 28.0 40.15 40.15
500.0 0.0 0.0 200.0 0.0 1125.0 613.0 270.0 55.16 55.16
251.4 0.0 118.3 188.5 6.4 1028.4 757.7 100.0 44.21 44.21
194.7 0.0 100.5 165.6 7.5 1006.4 905.9 56.0 33.96 33.96
170.3 155.5 0.0 185.7 0.0 1026.6 724.3 28.0 25.73 25.73
350.0 0.0 0.0 203.0 0.0 974.0 775.0 180.0 32.72 32.72
194.7 0.0 100.5 165.6 7.5 1006.4 905.9 28.0 25.72 25.72
145.9 230.5 0.0 202.5 3.4 827.0 871.8 28.0 32.72 32.72
427.5 47.5 0.0 228.0 0.0 932.0 594.0 90.0 41.54 41.54
192.0 288.0 0.0 192.0 0.0 929.8 716.1 3.0 12.79 12.79
251.8 0.0 99.9 146.1 12.4 1006.0 899.8 56.0 44.14 44.14
349.0 0.0 0.0 192.0 0.0 1047.0 806.9 3.0 15.05 15.05
425.0 106.3 0.0 153.5 16.5 852.1 887.1 7.0 49.2 49.2
168.9 42.2 124.3 158.3 10.8 1080.8 796.2 14.0 23.51 23.51
425.0 106.3 0.0 153.5 16.5 852.1 887.1 7.0 49.2 49.2
213.5 0.0 174.2 159.2 11.7 1043.6 771.9 28.0 44.64 44.64
359.0 19.0 141.0 154.0 10.9 942.0 801.0 56.0 66.78 66.78
388.6 97.1 0.0 157.9 12.1 852.1 925.7 91.0 57.6 57.6
315.0 137.0 0.0 145.0 5.9 1130.0 745.0 28.0 81.75 81.75
374.0 189.2 0.0 170.1 10.1 926.1 756.7 3.0 34.4 34.4
149.0 118.0 92.0 183.0 7.0 953.0 780.0 28.0 23.52 23.52
313.3 262.2 0.0 175.5 8.6 1046.9 611.8 91.0 66.6 66.6
349.0 0.0 0.0 192.0 0.0 1056.0 809.0 7.0 9.01 9.01
250.0 0.0 95.7 187.4 5.5 956.9 861.2 28.0 29.22 29.22
182.0 45.2 122.0 170.2 8.2 1059.4 780.7 56.0 43.5 43.5
183.9 122.6 0.0 203.5 0.0 959.2 800.0 3.0 4.9 4.9
233.8 0.0 94.6 197.9 4.6 947.0 852.2 3.0 10.38 10.38
155.0 183.0 0.0 193.0 9.0 877.0 868.0 28.0 23.79 23.79
148.0 0.0 137.0 158.0 16.0 1002.0 830.0 28.0 17.95 17.95
297.0 0.0 0.0 186.0 0.0 1040.0 734.0 7.0 30.96 30.96
203.5 135.7 0.0 185.7 0.0 1076.2 759.3 7.0 11.96 11.96
425.0 106.3 0.0 153.5 16.5 852.1 887.1 3.0 33.4 33.4
382.0 0.0 0.0 186.0 0.0 1047.0 739.0 28.0 37.42 37.42
231.8 0.0 121.6 174.0 6.7 1056.4 778.5 56.0 42.7 42.7
475.0 0.0 0.0 162.0 9.5 1044.0 662.0 28.0 58.52 58.52
154.8 0.0 142.8 193.3 9.1 877.2 867.7 28.0 9.74 9.74
212.1 0.0 121.6 180.3 5.7 1057.6 779.3 56.0 34.2 34.2
313.0 161.0 0.0 178.0 10.0 917.0 759.0 28.0 52.44 52.44
153.0 102.0 0.0 192.0 0.0 888.0 943.1 28.0 17.96 17.96
173.5 50.1 173.5 164.8 6.5 1006.2 793.5 100.0 56.06 56.06
500.0 0.0 0.0 200.0 0.0 1125.0 613.0 90.0 47.22 47.22
446.0 24.0 79.0 162.0 10.3 967.0 712.0 56.0 54.77 54.77
446.0 24.0 79.0 162.0 11.6 967.0 712.0 3.0 23.35 23.35
359.0 19.0 141.0 154.0 10.9 942.0 801.0 28.0 62.94 62.94
178.0 129.8 118.6 179.9 3.6 1007.3 746.8 28.0 39.16 39.16
374.0 189.2 0.0 170.1 10.1 926.1 756.7 28.0 61.09 61.09
133.0 200.0 0.0 192.0 0.0 927.4 839.2 28.0 27.87 27.87
159.0 149.0 116.0 175.0 15.0 953.0 720.0 28.0 27.68 27.68
167.0 75.4 167.0 164.0 7.9 1007.3 770.1 100.0 56.81 56.81
182.0 45.2 122.0 170.2 8.2 1059.4 780.7 14.0 21.5 21.5
139.6 209.4 0.0 192.0 0.0 1047.0 806.9 90.0 39.36 39.36
284.0 15.0 141.0 179.0 5.5 842.0 801.0 7.0 24.13 24.13
277.0 0.0 0.0 191.0 0.0 968.0 856.0 180.0 32.33 32.33
251.4 0.0 118.3 192.9 5.8 1043.6 754.3 14.0 20.73 20.73
218.2 54.6 123.8 140.8 11.9 1075.7 792.7 28.0 55.51 55.51
165.0 0.0 143.6 163.8 0.0 1005.6 900.9 28.0 26.2 26.2
310.0 0.0 0.0 192.0 0.0 970.0 850.0 90.0 34.68 34.68
286.3 200.9 0.0 144.7 11.2 1004.6 803.7 91.0 76.8 76.8
166.1 0.0 163.3 176.5 4.5 1058.6 780.1 28.0 21.54 21.54
304.8 0.0 99.6 196.0 9.8 959.4 705.2 28.0 30.12 30.12
183.9 122.6 0.0 203.5 0.0 959.2 800.0 90.0 32.53 32.53
339.2 0.0 0.0 185.7 0.0 1069.2 754.3 28.0 31.9 31.9
397.0 0.0 0.0 185.7 0.0 1040.6 734.3 28.0 33.08 33.08
218.9 0.0 124.1 158.5 11.3 1078.7 794.9 28.0 30.22 30.22
304.0 76.0 0.0 228.0 0.0 932.0 670.0 180.0 50.95 50.95
150.9 0.0 183.9 166.6 11.6 991.2 772.2 28.0 15.57 15.57
192.0 288.0 0.0 192.0 0.0 929.8 716.1 90.0 50.73 50.73
277.2 97.8 24.5 160.7 11.2 1061.7 782.5 100.0 66.95 66.95
190.0 190.0 0.0 228.0 0.0 932.0 670.0 365.0 53.69 53.69
290.4 0.0 96.2 168.1 9.4 961.2 865.0 56.0 45.08 45.08
172.4 13.6 172.4 156.8 4.1 1006.3 856.4 14.0 29.75 29.75
218.2 54.6 123.8 140.8 11.9 1075.7 792.7 56.0 61.99 61.99
387.0 20.0 94.0 157.0 13.9 938.0 845.0 56.0 47.97 47.97
307.0 0.0 0.0 193.0 0.0 968.0 812.0 365.0 36.15 36.15
277.2 97.8 24.5 160.7 11.2 1061.7 782.5 14.0 47.71 47.71
239.6 359.4 0.0 185.7 0.0 941.6 664.3 28.0 39.44 39.44
425.0 106.3 0.0 153.5 16.5 852.1 887.1 28.0 60.29 60.29
480.0 0.0 0.0 192.0 0.0 936.2 712.2 3.0 24.4 24.4
166.8 250.2 0.0 203.5 0.0 975.6 692.6 90.0 43.57 43.57
522.0 0.0 0.0 146.0 0.0 896.0 896.0 28.0 74.99 74.99
540.0 0.0 0.0 173.0 0.0 1125.0 613.0 14.0 59.76 59.76
222.4 0.0 96.7 189.3 4.5 967.1 870.3 56.0 29.45 29.45
289.0 0.0 0.0 192.0 0.0 913.2 895.3 3.0 11.65 11.65
289.0 0.0 0.0 192.0 0.0 913.2 895.3 7.0 14.6 14.6
190.3 0.0 125.2 166.6 9.9 1079.0 798.9 3.0 12.55 12.55
213.7 98.1 24.5 181.7 6.9 1065.8 785.4 56.0 50.77 50.77
375.0 93.8 0.0 126.6 23.4 852.1 992.6 91.0 62.5 62.5
212.0 0.0 124.8 159.0 7.8 1085.4 799.5 56.0 45.08 45.08
213.8 98.1 24.5 181.7 6.7 1066.0 785.5 28.0 40.23 40.23
382.0 0.0 0.0 186.0 0.0 1111.0 784.0 7.0 11.47 11.47
238.0 0.0 0.0 185.0 0.0 1118.0 789.0 28.0 17.54 17.54
359.0 19.0 141.0 154.0 10.9 942.0 801.0 7.0 38.61 38.61
213.5 0.0 174.2 154.6 11.7 1052.3 775.5 56.0 51.43 51.43
190.3 0.0 125.2 161.9 9.9 1088.1 802.6 3.0 9.45 9.45
228.0 342.1 0.0 185.7 0.0 955.8 674.3 28.0 39.7 39.7
485.0 0.0 0.0 146.0 0.0 1120.0 800.0 28.0 71.99 71.99
167.0 75.4 167.0 164.0 7.9 1007.3 770.1 14.0 32.9 32.9
166.0 259.7 0.0 183.2 12.7 858.8 826.8 28.0 37.92 37.92
173.8 93.4 159.9 172.3 9.7 1007.2 746.6 100.0 50.94 50.94
153.1 145.0 113.0 178.5 8.0 1001.9 688.7 28.0 25.56 25.56
286.3 200.9 0.0 144.7 11.2 1004.6 803.7 3.0 24.4 24.4
288.0 192.0 0.0 192.0 0.0 932.0 717.8 7.0 23.52 23.52
439.0 177.0 0.0 186.0 11.1 884.9 707.9 28.0 66.0 66.0
491.0 26.0 123.0 210.0 3.9 882.0 699.0 56.0 59.59 59.59
155.0 184.0 143.0 194.0 9.0 880.0 699.0 28.0 28.99 28.99
289.0 0.0 0.0 192.0 0.0 913.2 895.3 28.0 25.57 25.57
382.0 0.0 0.0 185.0 0.0 1047.0 739.0 28.0 37.42 37.42
237.5 237.5 0.0 228.0 0.0 932.0 594.0 270.0 38.41 38.41
362.6 189.0 0.0 164.9 11.6 944.7 755.8 91.0 79.3 79.3
152.0 0.0 112.0 184.0 8.0 992.0 816.0 28.0 12.18 12.18
145.4 0.0 178.9 201.7 7.8 824.0 868.7 28.0 10.54 10.54
236.0 0.0 0.0 193.0 0.0 968.0 885.0 365.0 25.08 25.08
266.0 114.0 0.0 228.0 0.0 932.0 670.0 365.0 52.91 52.91
214.9 53.8 121.9 155.6 9.6 1014.3 780.6 56.0 53.96 53.96
255.0 0.0 0.0 192.0 0.0 889.8 945.0 90.0 21.86 21.86
272.8 105.1 81.8 209.7 9.0 904.0 679.7 28.0 37.17 37.17
213.7 98.1 24.5 181.7 6.9 1065.8 785.4 100.0 53.9 53.9
325.0 0.0 0.0 184.0 0.0 1063.0 783.0 28.0 30.57 30.57
190.7 0.0 125.4 162.1 7.8 1090.0 804.0 28.0 26.4 26.4
164.0 0.0 200.0 181.0 13.0 849.0 846.0 28.0 15.09 15.09
266.0 114.0 0.0 228.0 0.0 932.0 670.0 28.0 45.85 45.85
141.3 212.0 0.0 203.5 0.0 971.8 748.5 7.0 10.39 10.39
277.0 117.0 91.0 191.0 7.0 946.0 666.0 28.0 43.57 43.57
251.4 0.0 118.3 188.5 6.4 1028.4 757.7 14.0 24.43 24.43
436.0 0.0 0.0 218.0 0.0 838.4 719.7 28.0 23.85 23.85
349.0 0.0 0.0 192.0 0.0 1047.0 806.0 90.0 39.49 39.49
381.4 0.0 0.0 185.7 0.0 1104.6 784.3 28.0 22.49 22.49
277.0 0.0 0.0 191.0 0.0 968.0 856.0 90.0 31.25 31.25
318.8 212.5 0.0 155.7 14.3 852.1 880.4 7.0 33.4 33.4
332.5 142.5 0.0 228.0 0.0 932.0 594.0 28.0 33.02 33.02
200.0 0.0 0.0 180.0 0.0 1125.0 845.0 7.0 7.84 7.84
295.7 0.0 95.6 171.5 8.9 955.1 859.2 14.0 35.23 35.23
469.0 117.2 0.0 137.8 32.2 852.1 840.5 56.0 69.3 69.3
393.0 0.0 0.0 192.0 0.0 940.6 785.6 3.0 19.2 19.2
331.0 0.0 0.0 192.0 0.0 978.0 825.0 180.0 39.0 39.0
251.4 0.0 118.3 188.5 5.8 1028.4 757.7 28.0 29.65 29.65
183.9 122.6 0.0 203.5 0.0 959.2 800.0 28.0 24.05 24.05
382.5 0.0 0.0 185.7 0.0 1047.8 739.3 7.0 24.07 24.07
251.4 0.0 118.3 188.5 5.8 1028.4 757.7 3.0 17.22 17.22
148.1 0.0 182.1 181.4 15.0 838.9 884.3 28.0 15.53 15.53
146.0 173.0 0.0 182.0 3.0 986.0 817.0 28.0 23.74 23.74
153.1 145.0 113.0 178.5 8.0 867.2 824.0 28.0 26.23 26.23
252.3 0.0 98.8 146.3 14.2 987.8 889.0 14.0 42.29 42.29
166.1 0.0 163.3 176.5 4.5 1058.6 780.1 100.0 33.54 33.54
374.0 0.0 0.0 190.0 7.0 1013.0 730.0 28.0 39.05 39.05
167.0 75.4 167.0 164.0 7.9 1007.3 770.1 28.0 41.41 41.41
178.0 129.8 118.6 179.9 3.6 1007.3 746.8 14.0 34.24 34.24
475.0 118.8 0.0 181.1 8.9 852.1 781.5 3.0 37.8 37.8
387.0 20.0 94.0 157.0 14.3 938.0 845.0 3.0 22.75 22.75
213.8 98.1 24.5 181.7 6.7 1066.0 785.5 100.0 49.97 49.97
135.7 203.5 0.0 185.7 0.0 1076.2 759.3 28.0 18.2 18.2
173.0 116.0 0.0 192.0 0.0 946.8 856.8 3.0 6.94 6.94
194.7 0.0 100.5 165.6 7.5 1006.4 905.9 14.0 24.99 24.99
379.5 151.2 0.0 153.9 15.9 1134.3 605.0 28.0 52.2 52.2
323.7 282.8 0.0 183.8 10.3 942.7 659.9 28.0 74.7 74.7
168.0 42.1 163.8 121.8 5.7 1058.7 780.1 100.0 39.23 39.23
374.0 189.2 0.0 170.1 10.1 926.1 756.7 56.0 63.4 63.4
200.0 133.0 0.0 192.0 0.0 965.4 806.2 3.0 11.41 11.41
236.0 0.0 0.0 194.0 0.0 968.0 885.0 90.0 21.95 21.95
339.0 0.0 0.0 197.0 0.0 968.0 781.0 365.0 38.89 38.89
337.9 189.0 0.0 174.9 9.5 944.7 755.8 56.0 59.89 59.89
116.0 173.0 0.0 192.0 0.0 909.8 891.9 7.0 10.09 10.09
157.0 236.0 0.0 192.0 0.0 935.4 781.2 7.0 16.89 16.89
165.0 0.0 150.0 182.0 12.0 1023.0 729.0 28.0 18.03 18.03
203.5 305.3 0.0 203.5 0.0 963.4 630.0 90.0 51.86 51.86
250.0 0.0 95.7 187.4 5.5 956.9 861.2 14.0 24.92 24.92
251.4 0.0 118.3 192.9 5.8 1043.6 754.3 28.0 33.27 33.27
231.8 0.0 121.6 174.0 6.7 1056.4 778.5 100.0 45.84 45.84
295.7 0.0 95.6 171.5 8.9 955.1 859.2 56.0 48.72 48.72
213.7 0.0 174.7 154.8 10.2 1053.5 776.4 14.0 33.73 33.73
173.8 93.4 159.9 172.3 9.7 1007.2 746.6 14.0 29.55 29.55
236.0 0.0 0.0 194.0 0.0 968.0 885.0 14.0 12.84 12.84
167.0 187.0 195.0 185.0 7.0 898.0 636.0 28.0 23.89 23.89
290.2 193.5 0.0 185.7 0.0 998.2 704.3 7.0 21.86 21.86
297.2 0.0 117.5 174.8 9.5 1022.8 753.5 100.0 56.74 56.74
475.0 118.8 0.0 181.1 8.9 852.1 781.5 7.0 55.6 55.6
222.4 0.0 96.7 189.3 4.5 967.1 870.3 14.0 24.45 24.45
385.0 0.0 0.0 186.0 0.0 966.0 763.0 7.0 23.22 23.22
203.5 305.3 0.0 203.5 0.0 963.4 630.0 7.0 19.54 19.54
162.0 207.0 172.0 216.0 10.0 822.0 638.0 28.0 39.84 39.84
424.0 22.0 132.0 178.0 8.5 882.0 750.0 3.0 32.01 32.01
342.0 38.0 0.0 228.0 0.0 932.0 670.0 180.0 52.12 52.12
186.2 124.1 0.0 185.7 0.0 1083.4 764.3 7.0 8.0 8.0
190.3 0.0 125.2 161.9 9.9 1088.1 802.6 100.0 40.39 40.39
108.3 162.4 0.0 203.5 0.0 938.2 849.0 3.0 2.33 2.33
246.8 0.0 125.1 143.3 12.0 1086.8 800.9 3.0 23.52 23.52
141.9 166.6 129.7 173.5 10.9 882.6 785.3 28.0 44.61 44.61
144.0 136.0 106.0 178.0 7.0 941.0 774.0 28.0 26.14 26.14
149.5 236.0 0.0 175.8 12.6 846.8 892.7 28.0 32.96 32.96
214.9 53.8 121.9 155.6 9.6 1014.3 780.6 100.0 56.63 56.63
198.6 132.4 0.0 192.0 0.0 978.4 825.5 28.0 28.02 28.02
337.9 189.0 0.0 174.9 9.5 944.7 755.8 7.0 35.1 35.1
387.0 20.0 94.0 157.0 11.6 938.0 845.0 56.0 61.46 61.46
190.3 0.0 125.2 166.6 9.9 1079.0 798.9 56.0 31.72 31.72
446.0 24.0 79.0 162.0 11.6 967.0 712.0 7.0 52.01 52.01
165.0 128.5 132.1 175.1 8.1 1005.8 746.6 3.0 19.42 19.42
252.1 97.1 75.6 193.8 8.3 835.5 821.4 28.0 33.4 33.4
194.7 0.0 100.5 170.2 7.5 998.0 901.8 28.0 37.27 37.27
525.0 0.0 0.0 189.0 0.0 1125.0 613.0 7.0 42.42 42.42
168.0 42.1 163.8 121.8 5.7 1058.7 780.1 14.0 17.82 17.82
122.6 183.9 0.0 203.5 0.0 958.2 800.1 28.0 24.29 24.29
246.8 0.0 125.1 143.3 12.0 1086.8 800.9 28.0 52.5 52.5
133.0 200.0 0.0 192.0 0.0 927.4 839.2 90.0 36.59 36.59
173.5 50.1 173.5 164.8 6.5 1006.2 793.5 28.0 38.2 38.2
260.0 101.0 78.0 171.0 10.0 936.0 763.0 28.0 49.77 49.77
203.5 135.7 0.0 185.7 0.0 1076.2 759.3 28.0 22.63 22.63
218.9 0.0 124.1 158.5 11.3 1078.7 794.9 100.0 46.23 46.23
337.9 189.0 0.0 174.9 9.5 944.7 755.8 91.0 67.8 67.8
439.0 177.0 0.0 186.0 11.1 884.9 707.9 56.0 71.7 71.7
202.0 11.0 141.0 206.0 1.7 942.0 801.0 28.0 21.97 21.97
229.7 0.0 118.2 195.2 6.1 1028.1 757.6 14.0 22.32 22.32
313.0 0.0 113.0 178.0 8.0 1002.0 689.0 28.0 36.8 36.8
300.0 0.0 0.0 184.0 0.0 1075.0 795.0 7.0 15.58 15.58
152.0 178.0 139.0 168.0 18.0 944.0 695.0 28.0 36.35 36.35
213.5 0.0 174.2 159.2 11.7 1043.6 771.9 100.0 52.96 52.96
318.8 212.5 0.0 155.7 14.3 852.1 880.4 91.0 68.1 68.1
266.0 114.0 0.0 228.0 0.0 932.0 670.0 90.0 47.03 47.03
500.0 0.0 0.0 140.0 4.0 966.0 853.0 28.0 67.57 67.57
500.0 0.0 0.0 200.0 0.0 1125.0 613.0 14.0 36.94 36.94
349.0 0.0 0.0 192.0 0.0 1047.0 806.0 360.0 42.13 42.13
380.0 95.0 0.0 228.0 0.0 932.0 594.0 180.0 40.76 40.76
322.0 149.0 0.0 186.0 8.0 951.0 709.0 28.0 52.42 52.42
500.0 0.0 0.0 200.0 0.0 1125.0 613.0 3.0 26.06 26.06
275.1 0.0 121.4 159.5 9.9 1053.6 777.5 3.0 23.8 23.8
252.0 97.0 76.0 194.0 8.0 835.0 821.0 28.0 33.4 33.4
339.0 0.0 0.0 197.0 0.0 968.0 781.0 28.0 32.04 32.04
380.0 95.0 0.0 228.0 0.0 932.0 594.0 7.0 32.82 32.82
289.0 133.7 0.0 194.9 5.5 924.1 760.1 28.0 46.25 46.25
143.8 136.3 106.2 178.1 7.5 941.5 774.3 28.0 26.15 26.15
516.0 0.0 0.0 162.0 8.3 801.0 802.0 28.0 41.37 41.37
425.0 106.3 0.0 153.5 16.5 852.1 887.1 3.0 33.4 33.4
500.0 0.0 0.0 200.0 0.0 1125.0 613.0 7.0 33.21 33.21
350.0 0.0 0.0 186.0 0.0 1050.0 770.0 28.0 34.29 34.29
277.2 97.8 24.5 160.7 11.2 1061.7 782.5 56.0 66.82 66.82
140.0 164.0 128.0 237.0 6.0 869.0 656.0 28.0 35.23 35.23
323.7 282.8 0.0 183.8 10.3 942.7 659.9 3.0 28.3 28.3
355.0 19.0 97.0 145.0 12.3 967.0 871.0 28.0 55.45 55.45
165.0 128.5 132.1 175.1 8.1 1005.8 746.6 14.0 33.09 33.09
238.2 158.8 0.0 185.7 0.0 1040.6 734.3 28.0 26.91 26.91
362.6 189.0 0.0 164.9 11.6 944.7 755.8 3.0 35.3 35.3
424.0 22.0 132.0 168.0 8.9 822.0 750.0 28.0 72.1 72.1
203.5 305.3 0.0 203.5 0.0 963.4 630.0 3.0 9.56 9.56
133.0 200.0 0.0 192.0 0.0 927.4 839.2 7.0 13.66 13.66
183.9 122.6 0.0 203.5 0.0 959.2 800.0 7.0 10.79 10.79
255.0 0.0 0.0 192.0 0.0 889.8 945.0 28.0 18.75 18.75
380.0 0.0 0.0 228.0 0.0 932.0 670.0 365.0 52.52 52.52
181.4 0.0 167.0 169.6 7.6 1055.6 777.8 28.0 27.77 27.77
246.8 0.0 125.1 143.3 12.0 1086.8 800.9 56.0 60.32 60.32
446.0 24.0 79.0 162.0 11.6 967.0 712.0 7.0 39.3 39.3
238.0 0.0 0.0 186.0 0.0 1119.0 789.0 28.0 17.54 17.54
322.0 0.0 0.0 203.0 0.0 974.0 800.0 180.0 29.59 29.59
475.0 0.0 59.0 142.0 1.9 1098.0 641.0 28.0 57.23 57.23
355.9 0.0 141.6 193.3 11.0 801.4 778.4 28.0 40.87 40.87
266.0 114.0 0.0 228.0 0.0 932.0 670.0 180.0 48.7 48.7
173.8 93.4 159.9 172.3 9.7 1007.2 746.6 3.0 15.82 15.82
275.1 0.0 121.4 159.5 9.9 1053.6 777.5 14.0 38.77 38.77
151.0 0.0 184.0 167.0 12.0 991.0 772.0 28.0 15.57 15.57
389.9 189.0 0.0 145.9 22.0 944.7 755.8 56.0 79.4 79.4
250.0 0.0 95.7 191.8 5.3 948.9 857.2 56.0 39.64 39.64
213.7 98.1 24.5 181.7 6.9 1065.8 785.4 28.0 45.71 45.71
379.5 151.2 0.0 153.9 15.9 1134.3 605.0 56.0 54.9 54.9
190.7 0.0 125.4 162.1 7.8 1090.0 804.0 3.0 15.04 15.04
173.8 93.4 159.9 172.3 9.7 1007.2 746.6 56.0 48.99 48.99
213.5 0.0 174.2 159.2 11.7 1043.6 771.9 56.0 51.26 51.26
316.1 210.7 0.0 185.7 0.0 977.0 689.3 28.0 38.7 38.7
310.0 0.0 0.0 192.0 0.0 970.0 850.0 360.0 38.11 38.11
252.5 0.0 0.0 185.7 0.0 1111.6 784.3 7.0 11.48 11.48
299.8 0.0 119.8 211.5 9.9 878.2 727.6 28.0 23.84 23.84
475.0 0.0 0.0 228.0 0.0 932.0 594.0 180.0 42.62 42.62
322.2 0.0 115.6 196.0 10.4 817.9 813.4 28.0 31.18 31.18
158.6 148.9 116.0 175.1 15.0 953.3 719.7 28.0 27.68 27.68
168.9 42.2 124.3 158.3 10.8 1080.8 796.2 3.0 7.4 7.4
145.0 116.0 119.0 184.0 5.7 833.0 880.0 28.0 29.16 29.16
322.5 148.6 0.0 185.8 8.5 951.0 709.5 28.0 52.43 52.43
295.7 0.0 95.6 171.5 8.9 955.1 859.2 28.0 39.94 39.94
136.4 161.6 125.8 171.6 10.4 922.6 764.4 28.0 29.07 29.07
379.5 151.2 0.0 153.9 15.9 1134.3 605.0 7.0 47.1 47.1
297.2 0.0 117.5 174.8 9.5 1022.8 753.5 14.0 36.99 36.99
333.0 17.5 163.0 167.0 17.9 996.0 652.0 28.0 47.28 47.28
287.3 120.5 93.9 187.6 9.2 904.4 695.9 28.0 43.8 43.8
310.0 0.0 0.0 192.0 0.0 1012.0 830.0 120.0 38.7 38.7
214.9 53.8 121.9 155.6 9.6 1014.3 780.6 14.0 38.6 38.6
147.8 175.1 0.0 171.2 2.2 1000.0 828.5 28.0 26.92 26.92
154.0 144.0 112.0 220.0 10.0 923.0 658.0 28.0 16.5 16.5
288.0 192.0 0.0 192.0 0.0 932.0 717.8 3.0 16.11 16.11
425.0 106.3 0.0 151.4 18.6 936.0 803.7 91.0 66.7 66.7
133.0 200.0 0.0 192.0 0.0 927.4 839.2 3.0 6.88 6.88
334.0 17.6 158.0 189.0 15.3 967.0 633.0 28.0 44.33 44.33
310.0 0.0 0.0 192.0 0.0 970.0 850.0 7.0 14.99 14.99
313.3 262.2 0.0 175.5 8.6 1046.9 611.8 7.0 42.8 42.8
362.6 189.0 0.0 164.9 11.6 944.7 755.8 7.0 55.9 55.9
374.0 189.2 0.0 170.1 10.1 926.1 756.7 91.0 64.9 64.9
236.0 157.0 0.0 192.0 0.0 972.6 749.1 28.0 32.88 32.88
500.1 0.0 0.0 200.0 3.0 1124.4 613.2 28.0 44.13 44.13
296.0 0.0 0.0 192.0 0.0 1085.0 765.0 90.0 29.39 29.39
296.0 0.0 0.0 186.0 0.0 1090.0 769.0 7.0 18.91 18.91
393.0 0.0 0.0 192.0 0.0 940.0 758.0 3.0 19.11 19.11
277.1 0.0 97.4 160.6 11.8 973.9 875.6 14.0 41.89 41.89
164.6 0.0 150.4 181.6 11.7 1023.3 728.9 28.0 18.03 18.03
469.0 117.2 0.0 137.8 32.2 852.1 840.5 3.0 40.2 40.2
331.0 0.0 0.0 192.0 0.0 1025.0 821.0 120.0 39.38 39.38
190.3 0.0 125.2 161.9 9.9 1088.1 802.6 56.0 38.56 38.56
250.0 0.0 95.7 187.4 5.5 956.9 861.2 56.0 38.33 38.33
254.0 0.0 0.0 198.0 0.0 968.0 863.0 90.0 26.94 26.94
376.0 0.0 0.0 214.6 0.0 1003.5 762.4 100.0 43.06 43.06
218.2 54.6 123.8 140.8 11.9 1075.7 792.7 14.0 35.96 35.96
261.0 100.0 78.0 201.0 9.0 864.0 761.0 28.0 32.4 32.4
213.8 98.1 24.5 181.7 6.7 1066.0 785.5 3.0 13.18 13.18
339.0 0.0 0.0 197.0 0.0 968.0 781.0 3.0 13.22 13.22
166.8 250.2 0.0 203.5 0.0 975.6 692.6 28.0 33.95 33.95
480.0 0.0 0.0 192.0 0.0 936.2 712.2 90.0 54.32 54.32
144.0 0.0 175.0 158.0 18.0 943.0 844.0 28.0 15.42 15.42
362.6 189.0 0.0 164.9 11.6 944.7 755.8 7.0 55.9 55.9
362.6 189.0 0.0 164.9 11.6 944.7 755.8 3.0 35.3 35.3
446.0 24.0 79.0 162.0 10.3 967.0 712.0 28.0 53.39 53.39
297.2 0.0 117.5 174.8 9.5 1022.8 753.5 3.0 21.91 21.91
166.8 250.2 0.0 203.5 0.0 975.6 692.6 3.0 6.9 6.9
333.0 0.0 0.0 192.0 0.0 931.2 842.6 3.0 15.62 15.62
190.7 0.0 125.4 162.1 7.8 1090.0 804.0 100.0 40.57 40.57
190.7 0.0 125.4 162.1 7.8 1090.0 804.0 56.0 35.34 35.34
362.6 189.0 0.0 164.9 11.6 944.7 755.8 91.0 79.3 79.3
213.7 0.0 174.7 154.8 10.2 1053.5 776.4 3.0 17.57 17.57
375.0 93.8 0.0 126.6 23.4 852.1 992.6 7.0 45.7 45.7
342.0 38.0 0.0 228.0 0.0 932.0 670.0 270.0 55.06 55.06
147.0 115.0 89.0 202.0 9.0 860.0 829.0 28.0 19.99 19.99
162.0 214.0 164.0 202.0 10.0 820.0 680.0 28.0 30.65 30.65
304.0 140.0 0.0 214.0 6.0 895.0 722.0 28.0 33.42 33.42
155.0 0.0 143.0 193.0 9.0 1047.0 697.0 28.0 12.46 12.46
310.0 0.0 0.0 192.0 0.0 1012.0 830.0 28.0 27.83 27.83
350.0 0.0 0.0 186.0 0.0 1050.0 770.0 7.0 20.28 20.28
212.0 0.0 124.8 159.0 7.8 1085.4 799.5 14.0 31.35 31.35
167.0 75.4 167.0 164.0 7.9 1007.3 770.1 3.0 15.52 15.52
337.9 189.0 0.0 174.9 9.5 944.7 755.8 3.0 24.1 24.1
250.2 166.8 0.0 203.5 0.0 977.6 694.1 28.0 36.96 36.96
286.3 200.9 0.0 144.7 11.2 1004.6 803.7 28.0 67.7 67.7
250.0 0.0 95.7 187.4 5.5 956.9 861.2 100.0 42.35 42.35
388.6 97.1 0.0 157.9 12.1 852.1 925.7 56.0 55.2 55.2
281.0 0.0 0.0 185.0 0.0 1104.0 774.0 28.0 22.44 22.44
359.0 19.0 141.0 154.0 10.9 942.0 801.0 7.0 35.75 35.75
252.3 0.0 98.8 146.3 14.2 987.8 889.0 100.0 60.95 60.95
108.3 162.4 0.0 203.5 0.0 938.2 849.0 28.0 20.59 20.59
144.0 15.0 195.0 176.0 6.0 1021.0 709.0 28.0 15.34 15.34
339.0 0.0 0.0 197.0 0.0 968.0 781.0 180.0 36.45 36.45
141.3 212.0 0.0 203.5 0.0 971.8 748.5 3.0 4.83 4.83
401.8 94.7 0.0 147.4 11.4 946.8 852.1 7.0 54.1 54.1
332.5 142.5 0.0 228.0 0.0 932.0 594.0 90.0 37.72 37.72
349.0 0.0 0.0 192.0 0.0 1056.0 809.0 90.0 40.66 40.66
393.0 0.0 0.0 192.0 0.0 940.6 785.6 7.0 27.74 27.74
249.1 0.0 98.8 158.1 12.8 987.8 889.0 56.0 42.03 42.03
251.8 0.0 99.9 146.1 12.4 1006.0 899.8 100.0 45.37 45.37
190.3 0.0 125.2 161.9 9.9 1088.1 802.6 14.0 22.72 22.72
281.0 0.0 0.0 186.0 0.0 1104.0 774.0 7.0 14.5 14.5
362.6 189.0 0.0 164.9 11.6 944.7 755.8 7.0 55.9 55.9
153.0 102.0 0.0 192.0 0.0 888.0 943.1 90.0 26.32 26.32
362.6 189.0 0.0 164.9 11.6 944.7 755.8 28.0 71.3 71.3
266.0 112.0 87.0 178.0 10.0 910.0 745.0 28.0 39.42 39.42
214.9 53.8 121.9 155.6 9.6 1014.3 780.6 3.0 18.02 18.02
233.8 0.0 94.6 197.9 4.6 947.0 852.2 56.0 27.66 27.66
318.8 212.5 0.0 155.7 14.3 852.1 880.4 28.0 55.5 55.5
238.1 0.0 94.1 186.7 7.0 949.9 847.0 100.0 44.3 44.3
222.4 0.0 96.7 189.3 4.5 967.1 870.3 100.0 40.71 40.71
397.0 0.0 0.0 185.0 0.0 1040.0 734.0 28.0 39.09 39.09
181.9 272.8 0.0 185.7 0.0 1012.4 714.3 7.0 12.37 12.37
525.0 0.0 0.0 189.0 0.0 1125.0 613.0 14.0 48.4 48.4
155.0 0.0 143.0 193.0 9.0 877.0 868.0 28.0 9.74 9.74
425.0 106.3 0.0 153.5 16.5 852.1 887.1 3.0 33.4 33.4
200.0 133.0 0.0 192.0 0.0 965.4 806.2 7.0 17.17 17.17
305.0 0.0 100.0 196.0 10.0 959.0 705.0 28.0 30.12 30.12
136.0 162.0 126.0 172.0 10.0 923.0 764.0 28.0 29.07 29.07
540.0 0.0 0.0 173.0 0.0 1125.0 613.0 90.0 69.66 69.66
302.0 0.0 0.0 203.0 0.0 974.0 817.0 28.0 21.75 21.75
246.8 0.0 125.1 143.3 12.0 1086.8 800.9 14.0 42.22 42.22
132.0 207.0 161.0 179.0 5.0 867.0 736.0 28.0 33.3 33.3
295.8 0.0 0.0 185.7 0.0 1091.4 769.3 28.0 25.22 25.22
251.4 0.0 118.3 192.9 5.8 1043.6 754.3 56.0 39.27 39.27
290.4 0.0 96.2 168.1 9.4 961.2 865.0 3.0 22.5 22.5
173.5 50.1 173.5 164.8 6.5 1006.2 793.5 56.0 53.77 53.77
528.0 0.0 0.0 185.0 6.9 920.0 720.0 28.0 56.83 56.83
317.9 0.0 126.5 209.7 5.7 860.5 736.6 28.0 40.06 40.06
310.0 0.0 0.0 192.0 0.0 971.0 850.6 3.0 9.87 9.87
212.5 0.0 100.4 159.3 8.7 1007.8 903.6 14.0 26.31 26.31
181.4 0.0 167.0 169.6 7.6 1055.6 777.8 56.0 35.57 35.57
212.0 0.0 124.8 159.0 7.8 1085.4 799.5 3.0 19.52 19.52
165.0 0.0 143.6 163.8 0.0 1005.6 900.9 100.0 37.96 37.96
310.0 0.0 0.0 192.0 0.0 970.0 850.0 28.0 27.92 27.92
230.0 0.0 118.3 195.5 4.6 1029.4 758.6 28.0 24.48 24.48
194.7 0.0 100.5 170.2 7.5 998.0 901.8 14.0 24.28 24.28
313.3 262.2 0.0 175.5 8.6 1046.9 611.8 56.0 64.9 64.9
397.0 0.0 0.0 185.7 0.0 1040.6 734.3 7.0 25.45 25.45
236.0 157.0 0.0 192.0 0.0 972.6 749.1 7.0 20.42 20.42
139.7 163.9 127.7 236.7 5.8 868.6 655.6 28.0 35.23 35.23
230.0 0.0 118.3 195.5 4.6 1029.4 758.6 100.0 35.34 35.34
349.0 0.0 0.0 192.0 0.0 1047.0 806.0 3.0 14.99 14.99
166.8 250.2 0.0 203.5 0.0 975.6 692.6 7.0 15.75 15.75
172.4 13.6 172.4 156.8 4.1 1006.3 856.4 56.0 35.85 35.85
298.1 0.0 107.0 186.4 6.1 879.0 815.2 28.0 42.64 42.64
167.0 75.4 167.0 164.0 7.9 1007.3 770.1 56.0 53.46 53.46
182.0 45.2 122.0 170.2 8.2 1059.4 780.7 28.0 31.27 31.27
153.6 144.2 112.3 220.1 10.1 923.2 657.9 28.0 16.5 16.5
167.4 129.9 128.6 175.5 7.8 1006.3 746.6 14.0 31.81 31.81
339.0 0.0 0.0 185.0 0.0 1069.0 754.0 28.0 31.84 31.84
254.0 0.0 0.0 198.0 0.0 968.0 863.0 365.0 29.79 29.79
321.4 0.0 127.9 182.5 11.5 870.1 779.7 28.0 37.27 37.27
166.0 260.0 0.0 183.0 13.0 859.0 827.0 28.0 37.91 37.91
380.0 95.0 0.0 228.0 0.0 932.0 594.0 270.0 41.15 41.15
250.0 0.0 0.0 182.0 0.0 1100.0 820.0 28.0 20.87 20.87
165.0 0.0 143.6 163.8 0.0 1005.6 900.9 3.0 14.4 14.4
251.4 0.0 118.3 188.5 6.4 1028.4 757.7 28.0 32.66 32.66
425.0 106.3 0.0 153.5 16.5 852.1 887.1 7.0 49.2 49.2
250.0 0.0 95.7 191.8 5.3 948.9 857.2 100.0 41.16 41.16
491.0 26.0 123.0 201.0 3.9 822.0 699.0 28.0 57.92 57.92
162.0 190.0 148.0 179.0 19.0 838.0 741.0 28.0 33.76 33.76
212.0 0.0 124.8 159.0 7.8 1085.4 799.5 100.0 47.82 47.82
182.0 45.2 122.0 170.2 8.2 1059.4 780.7 100.0 48.67 48.67
162.0 190.1 148.1 178.8 18.8 838.1 741.4 28.0 33.76 33.76
318.8 212.5 0.0 155.7 14.3 852.1 880.4 3.0 25.2 25.2
500.0 0.0 0.0 200.0 0.0 1125.0 613.0 28.0 44.09 44.09
139.6 209.4 0.0 192.0 0.0 1047.0 806.9 180.0 44.21 44.21
266.0 114.0 0.0 228.0 0.0 932.0 670.0 270.0 51.73 51.73
425.0 106.3 0.0 153.5 16.5 852.1 887.1 91.0 65.2 65.2
251.4 0.0 118.3 192.9 5.8 1043.6 754.3 100.0 40.15 40.15
400.0 0.0 0.0 187.0 0.0 1025.0 745.0 28.0 43.7 43.7
531.3 0.0 0.0 141.8 28.2 852.1 893.7 91.0 59.2 59.2
152.7 144.7 0.0 178.1 8.0 999.7 822.2 28.0 19.01 19.01
359.0 19.0 141.0 154.0 10.9 942.0 801.0 3.0 25.12 25.12
491.0 26.0 123.0 201.0 3.9 822.0 699.0 7.0 37.92 37.92
157.0 214.0 152.0 200.0 9.0 819.0 704.0 28.0 33.05 33.05
212.6 0.0 100.4 159.4 10.4 1003.8 903.8 14.0 25.37 25.37
277.2 97.8 24.5 160.7 11.2 1061.7 782.5 28.0 63.14 63.14
387.0 20.0 94.0 157.0 11.6 938.0 845.0 7.0 41.67 41.67
350.0 0.0 0.0 203.0 0.0 974.0 775.0 28.0 27.34 27.34
181.4 0.0 167.0 169.6 7.6 1055.6 777.8 100.0 45.37 45.37
165.0 0.0 143.6 163.8 0.0 1005.6 900.9 14.0 16.88 16.88
153.0 239.0 0.0 200.0 6.0 1002.0 684.0 28.0 26.86 26.86
212.6 0.0 100.4 159.4 10.4 1003.8 903.8 3.0 13.33 13.33
213.8 98.1 24.5 181.7 6.7 1066.0 785.5 14.0 17.84 17.84
255.3 98.8 77.0 188.6 6.5 919.0 749.3 28.0 33.8 33.8
146.5 114.6 89.3 201.9 8.8 860.0 829.5 28.0 19.99 19.99
277.0 0.0 0.0 191.0 0.0 968.0 856.0 360.0 33.7 33.7
349.0 0.0 0.0 192.0 0.0 1056.0 809.0 120.0 40.86 40.86
321.0 164.0 0.0 190.0 5.0 870.0 774.0 28.0 57.21 57.21
424.0 22.0 132.0 168.0 8.9 822.0 750.0 7.0 40.29 40.29
425.0 106.3 0.0 153.5 16.5 852.1 887.1 28.0 60.29 60.29
159.8 250.0 0.0 168.4 12.2 1049.3 688.2 28.0 39.46 39.46
400.0 0.0 0.0 187.0 0.0 1025.0 745.0 7.0 30.14 30.14
275.1 0.0 121.4 159.5 9.9 1053.6 777.5 28.0 51.33 51.33
212.1 0.0 121.6 180.3 5.7 1057.6 779.3 28.0 24.9 24.9
356.0 0.0 142.0 193.0 11.0 801.0 778.0 28.0 40.87 40.87
296.0 0.0 107.0 221.0 11.0 819.0 778.0 28.0 31.42 31.42
525.0 0.0 0.0 189.0 0.0 1125.0 613.0 270.0 67.11 67.11
289.0 0.0 0.0 192.0 0.0 913.2 895.3 90.0 32.07 32.07
145.0 0.0 134.0 181.0 11.0 979.0 812.0 28.0 13.2 13.2
192.0 288.0 0.0 192.0 0.0 929.8 716.1 7.0 21.48 21.48
424.0 22.0 132.0 168.0 8.9 822.0 750.0 56.0 74.36 74.36
475.0 0.0 0.0 228.0 0.0 932.0 594.0 28.0 39.29 39.29
157.0 236.0 0.0 192.0 0.0 935.4 781.2 90.0 43.38 43.38
380.0 0.0 0.0 228.0 0.0 932.0 670.0 90.0 52.91 52.91
424.0 22.0 132.0 178.0 8.5 822.0 750.0 7.0 39.0 39.0
212.5 0.0 100.4 159.3 8.7 1007.8 903.6 100.0 42.92 42.92
255.5 170.3 0.0 185.7 0.0 1026.6 724.3 7.0 17.24 17.24
310.0 0.0 0.0 192.0 0.0 970.0 850.0 180.0 37.33 37.33
469.0 117.2 0.0 137.8 32.2 852.1 840.5 28.0 66.9 66.9
296.0 0.0 0.0 192.0 0.0 1085.0 765.0 7.0 14.2 14.2
331.0 0.0 0.0 192.0 0.0 1025.0 821.0 7.0 17.44 17.44
