0.8397235075968782
0.8389069737738514
0.8380750976978267
0.8372274562730365
0.8363636110972611
0.8354831077823227
0.8345854752392102
0.8336702249257564
0.8327368500546659
0.8317848247595264
0.8308136032162827
0.8298226187175185
0.8288112826966791
0.8277789836992082
0.826725086297352
0.8256489299452018
0.8245498277702902
0.8234270652978224
0.8222798991033801
0.8211075553896456
0.8199092284824058
0.8186840792407899
0.8174312333763628
0.816149779675327
0.8148387681177666
0.8134972078873746
0.8121240652648175
0.8107182613973182
0.809278669936683
0.8078041145374261
0.8062933662061867
0.8047451404930821
0.8031580945150667
0.8015308238008053
0.7998618589459812
0.7981496620673222
0.7963926230430198
0.7945890555266312
0.7927371927208363
0.7908351828969491
0.788881084645397
0.7868728618419
0.7848083783136054
0.7826853921890454
0.7805015499155342
0.778254379927495
0.7759412859493242
0.7735595399167259
0.7711062745011459
0.7685784752229903
0.7659729721408998
0.7632864311065419
0.7605153445773194
0.7576560219832907
0.7547045796495624
0.7516569302817787
0.7485087720303555
0.7452555771590363
0.7418925803556963
0.7384147667385151
0.7348168596291427
0.7310933081869955
0.7272382750261063
0.7232456239687406
0.7191089081292543
0.7148213585686419
0.7103758738158243
0.7057650106175462
0.7009809763560543
0.6960156236641014
0.6908604478716868
0.6855065880399378
0.6799448324757144
0.6741656297770923
0.668159106634856
0.6619150938082494
0.6554231619022676
0.6486726687950148
0.641652820790483
0.6343527497945247
0.6267616090152577
0.6188686898532293
0.6106635627443202
0.6021362447140751
0.5932773962514909
0.5840785497594826
0.57453237122552
0.5646329558102026
0.5543761567026573
0.5437599447743208
0.5327847942288579
0.5214540865810606
0.5097745219400539
0.49775652283666644
0.48541461193484226
0.47276774123225235
0.459839547237215
0.4466585046656768
0.43325795105307446
0.4196759569241881
0.4059550212828888
0.3921415803830481
0.3782853288371325
0.3644383654374429
0.350654190428893
0.3369865947904428
0.32348849355810716
0.3102107626545785
0.2972011408063468
0.2845032543700807
0.27215581356564883
0.2601920148754448
0.24863916800405045
0.23751854887787852
0.22684546469234967
0.2166295045573836
0.20687494079927352
0.19758124171912667
0.18874365626066222
0.18035383385790826
0.1724004477567701
0.16486979635019575
0.15774636366882272
0.15101332645982513
0.1446530008222558
0.13864722591145884
0.13297768571049834
0.12762617234508206
0.1225747960153347
0.11780614749267161
0.11330341944875666
0.10905049280000188
0.1050319938972432
0.1012333278725695
0.09764069285500142
0.09424107914255911
0.09102225681016128
0.08797275466590358
0.08508183295658568
0.08233945177289875
0.07973623671605322
0.07726344305790403
0.07491291935094373
0.07267707121695222
0.07054882585745098
0.06852159767935798
0.06658925530977917
0.06474609017964399
0.06298678678246966
0.06130639465809166
0.05970030210848839
0.0581642116211289
0.05669411695233584
0.055286281807111315
0.053937220041228265
0.052643677304895296
0.051402614044000546
0.05021118977401603
0.04906674854250332
0.04796680549828642
0.04690903448838822
0.04589125660744305
0.04491142962829523
0.04396763824667055
0.04305808507706438
0.042181082341201014
0.041335044194538165
0.04051847964025697
0.03972998598396218
0.03896824278589985
0.03823200627087178
0.037520104159179085
0.03683143088486749
0.03616494317027461
0.03551965592841134
0.03489463846703796
0.034289010970452415
0.03370194123698663
0.0331326416520283
0.0325803663780542
0.03204440874469627
0.03152409882326564
0.031018801171444496
0.03052791273503662
0.030050860894743087
0.02958710164691703
0.029136117908153628
0.028697417934398124
0.028270533846008045
0.02785502025089903
0.02745045295853512
0.02705642777810253
0.0266725593947371
0.026298480318159612
0.025933839898518298
0.02557830340464388
0.025231551160296947
0.024893277734327986
0.024563191180985485
0.024241012326894212
0.023926474101490982
0.023619320907946918
0.02331930803182896
0.023026201084957173
0.022739775482104534
0.022459815948357185
0.022186116055113805
0.021918477782849857
0.02165671110890701
0.021400633618693307
0.021150070138794313
0.02090485239060201
0.02066481866316633
0.02042981350406334
0.020199687427160235
0.019974296636231525
0.019753502763454795
0.01953717262187936
0.019325177971022824
0.019117395294806216
0.018913705591093198
0.018713994172144977
0.018518150475349524
0.01832606788362502
0.018137643554936484
0.017952778260400665
0.017771376230488158
0.017593345008862962
0.01741859531342772
0.017247040904171916
0.01707859845744429
0.016913187446293675
0.016750730026545903
0.01659115092830341
0.016434377352574095
0.01628033887275311
0.01612896734069856
0.015980196797156787
0.015833963386307902
0.01569020527421557
0.015548862570978084
0.015409877256388415
0.015273193108923791
0.015138755637894031
0.015006512018588939
0.014876411030272858
0.014748402996884407
0.014622439730306138
0.01449847447607714
0.01437646186142863
0.014256357845528811
0.014138119671829616
0.014021705822414262
0.013907075974249018
0.013794190957249071
0.013683012714071926
0.01357350426155742
0.013465629653736818
0.01335935394633831
0.0132546431627194
0.013151464261160902
0.013049785103459659
0.012949574424761754
0.012850801804579473
0.012753437638939142
0.01265745311360941
0.012562820178361564
0.0124695115222168
0.012377500549636836
0.012286761357616761
0.012197268713640737
0.012108998034463782
0.012021925365683623
0.01193602736206921
0.011851281268613787
0.011767664902281655
0.01168515663441978
0.011603735373806314
0.01152338055030984
0.011444072099133501
0.011365790445620796
0.011288516490599384
0.011212231596241505
0.011136917572419797
0.011062556663538798
0.010989131535823102
0.010916625265043766
0.01084502132466583
0.010774303574400332
0.010704456249144954
0.010635463948298056
0.010567311625431754
0.010499984578310188
0.010433468439239422
0.010367749165736956
0.010302813031507842
0.010238646617716651
0.010175236804543615
0.010112570763014417
0.010050635947093666
0.009989420086031759
0.009928911176956639
0.009869097477700433
0.009809967499853266
0.009751510002035323
0.009693713983379964
0.009636568677219421
0.009580063544966691
0.009524188270185932
0.009468932752845298
0.009414287103745051
0.009360241639115415
0.009306786875377957
0.009253913524064818
0.009201612486890352
0.00914987485096974
0.009098691884179938
0.009048055030657597
0.008997955906429728
0.008948386295172242
0.008899338144092384
0.008850803559930596
0.008802774805078076
0.008755244293805971
0.008708204588602678
0.008661648396615576
0.008615568566193775
0.008569958083528628
0.008524810069388798
0.008480117775946733
0.008435874583693761
0.008392073998440889
0.008348709648402383
0.00830577528135982
0.008263264761903758
0.008221172068750941
0.008179491292134083
0.008138216631262622
0.00809734239185165
0.008056862983717395
0.008016772918436763
0.007977066807069312
0.007937739357939537
0.00789878537447761
0.007860199753117124
0.007821977481247492
0.007784113635219999
0.007746603378405592
0.007709441959302714
0.00767262470969406
0.007636147042850416
0.007600004451780555
0.007564192507525564
0.007528706857496294
0.007493543223852992
0.007458697401925457
0.007424165258672825
0.007389942731181807
0.007356025825202166
0.007322410613718446
0.007289093235556878
0.00725606989402656
0.007223336855593857
0.007190890448588945
0.0071587270619439605
0.007126843143961531
0.007095235201112981
0.007063899796865325
0.007032833550536441
0.00700203313617735
0.006971495281481056
0.006941216766717191
0.006911194423691754
0.006881425134731184
0.006851905831690235
0.006822633494982962
0.006793605152636129
0.006764817879364498
0.006736268795667473
0.006707955066946439
0.006679873902642211
0.006652022555392261
0.006624398320206986
0.006596998533664541
0.006569820573124028
0.006542861855956117
0.006516119838791027
0.006489592016783176
0.006463275922892276
0.006437169127180198
0.006411269236123523
0.006385573891941095
0.006360080771936278
0.006334787587853595
0.006309692085249477
0.006284792042876491
0.006260085272080925
0.0062355696162134
0.006211242950052082
0.006187103179238183
0.006163148239723571
0.006139376097230105
0.0061157847467203505
0.006092372211879516
0.006069136544608221
0.00604607582452605
0.006023188158485266
0.00600047168009475
0.005977924549253839
0.005955544951695782
0.005933331098540563
0.005911281225857012
0.005889393594233708
0.005867666488358866
0.0058460982166085975
0.0058246871106435736
0.005803431525013836
0.005782329836771592
0.005761380445091798
0.0057405817709002835
0.005719932256509296
0.005699430365260371
0.005679074581174216
0.0056588634086075125
0.005638795371916527
0.005618869015127298
0.0055990829016122875
0.005579435613773351
0.0055599257527308545
0.005540551938018816
0.005521312807286008
0.005502207016002773
0.005483233237173444
0.0054643901610543005
0.005445676494876967
0.0054270909625770344
0.005408632304527775
0.0053902992772790126
0.005372090653300835
0.005354005220732163
0.005336041783134015
0.005318199159247414
0.005300476182755796
0.005282871702051868
0.005265384580008679
0.00524801369375504
0.005230757934455045
0.005213616207091632
0.005196587430254109
0.005179670535929558
0.005162864469298065
0.00514616818853164
0.005129580664596785
0.0051131008810605845
0.005096727833900433
0.005080460531316991
0.005064297993550582
0.0050482392527008545
0.005032283352549718
0.005016429348387292
0.005000676306841014
0.00498502330570779
0.0049694694337889846
0.0049540137907284456
0.004938655486853292
0.004923393643017411
0.004908227390447912
0.0048931558705939005
0.004878178234978152
0.004863293645051279
0.004848501272048306
0.004833800296847789
0.0048191899098333725
0.004804669310757591
0.004790237708608171
0.004775894321476394
0.0047616383764278875
0.004747469109375396
0.004733385764953904
0.0047193875963976685
0.00470547386541947
0.004691643842091685
0.004677896804729572
0.004664232039776355
0.004650648841690203
0.004637146512833131
0.004623724363361723
0.004610381711119604
0.0045971178815317594
0.004583932207500467
0.00457082402930307
0.004557792694491313
0.004544837557792292
0.004531957981011076
0.004519153332934863
0.0045064229892387165
0.004493766332392743
0.004481182751570844
0.004468671642560863
0.004456232407676149
