0.13344249685502582 0.5822584647853278 0.6670909804626416 0.1808949011569009 0.2060677460601846 0.2056039982808947 0.3718850599917254 0.3332139741865486
0.12087175257003556 0.14104183178929633 0.07685382613063309 0.4170325589277165 0.5563338045202026 0.8257967811596848 0.6442155728789205 0.06776502605757136
0.506931473888849 0.2808496226134387 0.1275508091814714 0.3436917971519112 0.2274572973058886 0.5775805896685325 0.07660689127026721 0.8626059415225154
0.2230992508562245 0.6596655657541936 0.7772317656776085 0.6437736681209669 0.4085130444945141 0.5199916934226916 0.8664184593222067 0.3898967468699728
0.9442395808542045 0.06675400712078208 0.30003329621880787 0.7747247057855979 0.38620280568565507 0.9485570078228385 0.7415195712479452 0.7048444693674879
0.356893031632233 0.226246247766555 0.6542795415980219 0.3780663646155255 0.5050010632059254 0.43246171805818745 0.8763263301449412 1.0226904420351153
0.7851060201365503 0.12022743264575034 0.7341776971856011 0.33844908948715496 0.34661461436942065 0.8746149120490873 0.959826094575222 0.4204304004298255
0.9937258511289818 0.7552428449542279 0.2197238480955607 0.14065783110900504 0.9525345256435953 0.4209474070399212 0.40400522604072453 0.062103148172222115
0.5467504014805392 0.5850223749836687 0.16886706280551014 0.45409790019884144 0.1248618874347268 0.137282688827016 0.1319793539821321 0.25104012812199084
0.1613786489859526 0.8485155587199238 0.5529334621068498 0.8146863764618739 0.12177412770553923 0.5788517390144328 0.27570942712122404 0.645324157639463
